%YAML:1.0
p1:
  lat: -32.023524
  long: -52.108468
  pix_x: 148
  pix_y: 60
p2:
  lat: -32.026100
  long: -52.105768
  pix_x: 730
  pix_y: 715
